NAME,county,year,y,n,E
Adams,1,1,6,17952,5.603452141
Allen,2,1,32,111028,34.24378974
Ashland,3,1,15,43504,13.39621802
Ashtabula,4,1,27,95077,29.30585959
Athens,5,1,12,54180,17.03057332
Auglaize,6,1,7,37893,11.63554321
Belmont,7,1,25,77856,23.77758848
Brown,8,1,10,25300,7.833123681
Butler,9,1,49,222616,68.66400816
Carroll,10,1,3,20961,6.52395855
Champaign,11,1,8,29910,9.168385534
Clark,12,1,42,153501,46.92107356
Clermont,13,1,23,91596,28.47877081
Clinton,14,1,4,31214,9.659543319
Columbiana,15,1,45,106723,32.72312323
Coshocton,16,1,7,32900,10.04788619
Crawford,17,1,14,48650,14.90255063
Cuyahoga,18,1,633,1744859,530.6188591
Darke,19,1,10,47749,14.66161467
Defiance,20,1,4,36756,11.39306816
Delaware,21,1,11,41964,12.84544152
Erie,22,1,22,74091,22.87929079
Fairfield,23,1,20,70676,21.9091134
Fayette,24,1,6,24888,7.614057758
Franklin,25,1,246,813246,249.0522752
Fulton,26,1,5,31976,9.836474722
Gallia,27,1,3,24102,7.459988359
Geauga,28,1,7,62514,19.41032504
Greene,29,1,21,122930,38.65810031
Guernsey,30,1,11,35664,10.86415613
Hamilton,31,1,376,933253,282.686192
Hancock,32,1,17,60162,18.41043823
Hardin,33,1,7,30794,9.608810815
Harrison,34,1,6,16778,5.187199156
Henry,35,1,5,26557,8.224430684
Highland,36,1,9,28007,8.607155955
Hocking,37,1,11,19712,6.088170666
Holmes,38,1,3,21974,6.777068522
Huron,39,1,11,48486,14.87130544
Jackson,40,1,15,27442,8.363945901
Jefferson,41,1,35,95132,29.2976327
Knox,42,1,12,41702,12.86472518
Lake,43,1,50,196022,60.7274056
Lawrence,44,1,22,54932,16.89212714
Licking,45,1,29,105189,32.44332166
Logan,46,1,17,34195,10.50451354
Lorain,47,1,66,254095,78.60915302
Lucas,48,1,175,480010,146.741431
Madison,49,1,7,27669,8.881304478
Mahoning,50,1,108,302985,92.9788828
Marion,51,1,26,62708,19.53590106
Medina,52,1,15,80291,24.91254369
Meigs,53,1,11,19652,6.063688478
Mercer,54,1,3,35530,10.98572366
Miami,55,1,18,82795,25.40142413
Monroe,56,1,4,15799,4.923708527
Montgomery,57,1,172,616195,189.0784639
Morgan,58,1,1,11380,3.48472398
Morrow,59,1,4,19616,6.116102911
Muskingum,60,1,28,76690,23.27321458
Noble,61,1,4,10547,3.299677499
Ottawa,62,1,10,36414,11.23288355
Paulding,63,1,6,18765,5.813972543
Perry,64,1,10,26807,8.268933772
Pickaway,65,1,12,38371,11.96020054
Pike,66,1,4,19284,6.009374687
Portage,67,1,14,122135,37.98953836
Preble,68,1,5,33389,10.32240581
Putnam,69,1,5,30472,9.529872309
Richland,70,1,36,131020,40.76832985
Ross,71,1,18,61689,19.60795431
Sandusky,72,1,16,61061,18.74033874
Scioto,73,1,30,76218,23.15675388
Seneca,74,1,17,60815,18.63085329
Shelby,75,1,10,37966,11.76209982
Stark,76,1,114,369341,113.1474088
Summit,77,1,176,558916,171.3718628
Trumbull,78,1,56,229248,70.55456893
Tuscarawas,79,1,28,75772,23.27924344
Union,80,1,8,22114,6.741884334
Van Wert,81,1,7,29417,8.982422608
Vinton,82,1,4,9471,2.99402465
Warren,83,1,19,84068,26.55576962
Washington,84,1,8,56029,17.25523386
Wayne,85,1,16,85563,26.44301765
Williams,86,1,5,33512,10.29175828
Wood,87,1,12,86389,26.62923182
Wyandot,88,1,5,21038,6.436720348
Adams,1,2,5,18472,5.862734857
Allen,2,2,33,110973,34.82807472
Ashland,3,2,19,43382,13.60024166
Ashtabula,4,2,24,96738,30.35654157
Athens,5,2,9,55036,17.61759593
Auglaize,6,2,10,38211,11.94806358
Belmont,7,2,32,79435,24.69208335
Brown,8,2,6,26010,8.203530992
Butler,9,2,69,224522,70.55758421
Carroll,10,2,9,21340,6.782454853
Champaign,11,2,8,30190,9.446821159
Clark,12,2,45,155326,48.36227519
Clermont,13,2,29,93532,29.63499839
Clinton,14,2,7,31381,9.893264442
Columbiana,15,2,31,107602,33.63368196
Coshocton,16,2,19,33278,10.36592448
Crawford,17,2,19,49611,15.51232744
Cuyahoga,18,2,586,1730679,535.6153134
Darke,19,2,7,48463,15.1564649
Defiance,20,2,6,36914,11.64912531
Delaware,21,2,9,42455,13.25670608
Erie,22,2,21,75050,23.60932853
Fairfield,23,2,29,72102,22.7838268
Fayette,24,2,3,25214,7.859208599
Franklin,25,2,252,824708,257.1954681
Fulton,26,2,7,32528,10.1982266
Gallia,27,2,10,24746,7.80800856
Geauga,28,2,13,62645,19.85057554
Greene,29,2,30,123987,39.67949021
Guernsey,30,2,15,36741,11.41668613
Hamilton,31,2,358,928899,286.3288288
Hancock,32,2,19,60742,18.94265441
Hardin,33,2,11,30806,9.814726632
Harrison,34,2,6,16866,5.303497492
Henry,35,2,5,26778,8.448447425
Highland,36,2,11,28582,8.96471532
Hocking,37,2,12,20051,6.314863921
Holmes,38,2,0,22526,7.08319923
Huron,39,2,11,49098,15.34330857
Jackson,40,2,13,27270,8.46016615
Jefferson,41,2,42,95580,29.97431117
Knox,42,2,12,41732,13.13213999
Lake,43,2,37,196237,61.98427823
Lawrence,44,2,21,55961,17.53152184
Licking,45,2,29,106588,33.48448726
Logan,46,2,17,34713,10.86985667
Lorain,47,2,82,255382,80.48540631
Lucas,48,2,200,482047,150.0798971
Madison,49,2,8,27991,9.137165647
Mahoning,50,2,107,303589,94.80496693
Marion,51,2,17,63804,20.25974983
Medina,52,2,19,81405,25.73678301
Meigs,53,2,8,19749,6.204742588
Mercer,54,2,10,35511,11.18404902
Miami,55,2,14,83533,26.11828298
Monroe,56,2,5,15748,5.007468355
Montgomery,57,2,178,611768,191.1856332
Morgan,58,2,2,11983,3.745443459
Morrow,59,2,3,20573,6.526575251
Muskingum,60,2,22,77318,23.89348643
Noble,61,2,2,10464,3.331279581
Ottawa,62,2,10,36827,11.5810632
Paulding,63,2,5,19004,5.999713685
Perry,64,2,6,27106,8.526479029
Pickaway,65,2,7,39330,12.51826678
Pike,66,2,8,19169,6.097263856
Portage,67,2,24,124095,39.38713153
Preble,68,2,7,33972,10.6981274
Putnam,69,2,2,30811,9.812157779
Richland,70,2,36,130286,41.32237824
Ross,71,2,17,61326,19.86560761
Sandusky,72,2,20,61042,19.09922618
Scioto,73,2,31,76584,23.73091391
Seneca,74,2,16,60666,18.93576388
Shelby,75,2,7,37854,11.95300131
Stark,76,2,116,370699,115.728656
Summit,77,2,171,555650,173.49193
Trumbull,78,2,73,230886,72.37806636
Tuscarawas,79,2,31,76508,23.91091487
Union,80,2,8,22949,7.122242761
Van Wert,81,2,5,29260,9.095943677
Vinton,82,2,2,9469,3.041200582
Warren,83,2,22,84664,27.25276534
Washington,84,2,12,56608,17.77427923
Wayne,85,2,12,86372,27.26146304
Williams,86,2,5,33551,10.50952762
Wood,87,2,15,88155,27.6851863
Wyandot,88,2,6,21456,6.690743421
Adams,1,3,9,19047,6.525049641
Allen,2,3,39,110858,37.48162578
Ashland,3,3,12,43100,14.53387201
Ashtabula,4,3,25,98297,33.27375855
Athens,5,3,12,55773,19.22029732
Auglaize,6,3,8,38534,13.00491774
Belmont,7,3,43,80883,27.13760114
Brown,8,3,7,26744,9.096140965
Butler,9,3,63,226090,76.53950425
Carroll,10,3,6,21561,7.368271303
Champaign,11,3,9,30537,10.29820712
Clark,12,3,52,157125,52.7264018
Clermont,13,3,27,95378,32.5172964
Clinton,14,3,12,31380,10.64170662
Columbiana,15,3,28,108289,36.47181135
Coshocton,16,3,10,33378,11.20335242
Crawford,17,3,27,50433,17.00909874
Cuyahoga,18,3,666,1715252,572.2643377
Darke,19,3,16,49122,16.56253332
Defiance,20,3,12,36919,12.56419007
Delaware,21,3,10,42871,14.4756324
Erie,22,3,18,75950,25.75492353
Fairfield,23,3,26,73424,24.98996489
Fayette,24,3,12,25448,8.564445485
Franklin,25,3,273,835544,280.9472953
Fulton,26,3,5,33108,11.19399909
Gallia,27,3,13,25371,8.635673135
Geauga,28,3,17,62671,21.41754926
Greene,29,3,27,124787,42.97538273
Guernsey,30,3,19,37926,12.71517424
Hamilton,31,3,378,923609,307.1776927
Hancock,32,3,14,61141,20.56049918
Hardin,33,3,14,30699,10.50157508
Harrison,34,3,7,16929,5.739473086
Henry,35,3,4,27105,9.220451123
Highland,36,3,11,29073,9.829328279
Hocking,37,3,13,20366,6.918846851
Holmes,38,3,6,23134,7.842612778
Huron,39,3,22,49586,16.73509456
Jackson,40,3,13,27073,9.06654869
Jefferson,41,3,38,95980,32.44542071
Knox,42,3,12,41609,14.11880987
Lake,43,3,48,196138,66.72263751
Lawrence,44,3,25,56793,19.16913912
Licking,45,3,29,107655,36.4532603
Logan,46,3,17,35162,11.88813634
Lorain,47,3,84,256212,86.99505778
Lucas,48,3,189,483591,162.3319777
Madison,49,3,9,28346,9.954691145
Mahoning,50,3,120,303874,102.2691488
Marion,51,3,15,64809,22.17706607
Medina,52,3,18,82685,28.21135824
Meigs,53,3,10,19719,6.68978709
Mercer,54,3,13,35367,12.00584921
Miami,55,3,18,84255,28.40088812
Monroe,56,3,2,15681,5.364388227
Montgomery,57,3,189,606214,204.2056135
Morgan,58,3,7,12496,4.215134842
Morrow,59,3,2,21548,7.376876234
Muskingum,60,3,22,77772,25.95772461
Noble,61,3,3,10350,3.540143255
Ottawa,62,3,12,37066,12.5633522
Paulding,63,3,8,19317,6.56300893
Perry,64,3,12,27413,9.304555759
Pickaway,65,3,10,40176,13.78742953
Pike,66,3,2,19014,6.498864627
Portage,67,3,25,125784,43.02317242
Preble,68,3,8,34785,11.81109743
Putnam,69,3,3,31163,10.67963011
Richland,70,3,40,129412,44.20546977
Ross,71,3,15,60936,21.23220937
Sandusky,72,3,18,60751,20.50834945
Scioto,73,3,37,76834,25.67644248
Seneca,74,3,18,60482,20.35661107
Shelby,75,3,6,37551,12.76900539
Stark,76,3,112,371547,124.9796791
Summit,77,3,163,551390,185.5756128
Trumbull,78,3,77,232039,78.4085228
Tuscarawas,79,3,38,77130,25.98091192
Union,80,3,4,23982,8.026110431
Van Wert,81,3,9,29099,9.786460832
Vinton,82,3,4,9385,3.243221615
Warren,83,3,23,85246,29.52214484
Washington,84,3,17,57086,19.31126238
Wayne,85,3,22,87013,29.5736671
Williams,86,3,14,33609,11.36785617
Wood,87,3,24,89993,30.43890288
Wyandot,88,3,7,21829,7.342674301
Adams,1,4,6,19914,6.776453923
Allen,2,4,44,111528,37.49969996
Ashland,3,4,12,43266,14.50032624
Ashtabula,4,4,37,100613,33.87312404
Athens,5,4,12,57317,19.6524135
Auglaize,6,4,16,39222,13.17405817
Belmont,7,4,29,83376,27.80227036
Brown,8,4,5,27731,9.401003574
Butler,9,4,84,229375,77.21035585
Carroll,10,4,4,22083,7.502132043
Champaign,11,4,8,30901,10.36793148
Clark,12,4,53,159872,53.37794069
Clermont,13,4,26,98168,33.30381529
Clinton,14,4,13,31824,10.75140923
Columbiana,15,4,32,109791,36.80742155
Coshocton,16,4,8,33971,11.34487809
Crawford,17,4,13,51731,17.34640304
Cuyahoga,18,4,633,1706811,566.0088867
Darke,19,4,14,50225,16.83973647
Defiance,20,4,11,37178,12.61962265
Delaware,21,4,9,43647,14.67129456
Erie,22,4,21,77376,26.09494435
Fairfield,23,4,25,75352,25.51756507
Fayette,24,4,12,25947,8.695195368
Franklin,25,4,262,851557,284.8474293
Fulton,26,4,6,33988,11.4313462
Gallia,27,4,5,26215,8.881983094
Geauga,28,4,17,63064,21.46499089
Greene,29,4,26,126846,43.38936125
Guernsey,30,4,17,39320,13.10050683
Hamilton,31,4,416,922527,305.1700735
Hancock,32,4,10,62133,20.79371872
Hardin,33,4,10,30879,10.50968449
Harrison,34,4,8,17223,5.805060916
Henry,35,4,7,27517,9.32331706
Highland,36,4,10,29875,10.04955023
Hocking,37,4,10,20863,7.058464728
Holmes,38,4,3,24026,8.131795986
Huron,39,4,21,50485,16.94612511
Jackson,40,4,15,27200,9.081338779
Jefferson,41,4,31,97126,32.61571027
Knox,42,4,12,41923,14.16273275
Lake,43,4,67,197805,66.87763821
Lawrence,44,4,14,58434,19.60267995
Licking,45,4,41,109934,37.07228189
Logan,46,4,16,35867,12.0620903
Lorain,47,4,61,259142,87.47519294
Lucas,48,4,186,487670,162.8781861
Madison,49,4,6,28971,10.08955135
Mahoning,50,4,98,306113,102.4018674
Marion,51,4,29,66303,22.58994272
Medina,52,4,19,84298,28.62955985
Meigs,53,4,8,19937,6.731421988
Mercer,54,4,9,35624,12.04064825
Miami,55,4,26,85594,28.70394522
Monroe,56,4,4,15618,5.305646605
Montgomery,57,4,184,603843,202.2021325
Morgan,58,4,6,13196,4.42633467
Morrow,59,4,4,22751,7.759787098
Muskingum,60,4,30,78926,26.20516586
Noble,61,4,3,10348,3.521749279
Ottawa,62,4,8,37686,12.69441573
Paulding,63,4,3,19786,6.699753683
Perry,64,4,15,28032,9.471714419
Pickaway,65,4,8,41444,14.12631533
Pike,66,4,5,19021,6.473807876
Portage,67,4,26,128741,43.83168613
Preble,68,4,8,35796,12.08250923
Putnam,69,4,3,31734,10.81469887
Richland,70,4,35,129342,43.92800639
Ross,71,4,26,60935,21.12505616
Sandusky,72,4,14,61114,20.53065734
Scioto,73,4,39,77827,25.92420851
Seneca,74,4,16,60765,20.34007365
Shelby,75,4,13,37595,12.73603231
Stark,76,4,135,374615,125.343598
Summit,77,4,180,550136,184.1070832
Trumbull,78,4,76,235130,79.02761882
Tuscarawas,79,4,29,78383,26.24204942
Union,80,4,8,25243,8.422998944
Van Wert,81,4,13,29106,9.739911486
Vinton,82,4,6,9377,3.218964239
Warren,83,4,24,86500,29.83184096
Washington,84,4,26,58036,19.53435446
Wayne,85,4,18,88415,29.90682836
Williams,86,4,14,33802,11.3723247
Wood,87,4,17,92655,31.19281222
Wyandot,88,4,6,22495,7.527993208
Adams,1,5,10,20714,7.588127937
Allen,2,5,36,110604,40.02313209
Ashland,3,5,12,43917,15.85390084
Ashtabula,4,5,44,100778,36.56000627
Athens,5,5,28,57450,21.22478182
Auglaize,6,5,6,39509,14.30367118
Belmont,7,5,32,83129,29.86235318
Brown,8,5,10,28859,10.50923553
Butler,9,5,102,232626,84.33491548
Carroll,10,5,6,22504,8.244938082
Champaign,11,5,14,30997,11.20148183
Clark,12,5,68,157732,56.65629717
Clermont,13,5,16,99395,36.27622286
Clinton,14,5,24,31982,11.64472354
Columbiana,15,5,24,110490,39.84797218
Coshocton,16,5,22,34908,12.56561304
Crawford,17,5,18,51451,18.57755778
Cuyahoga,18,5,680,1668472,595.4609389
Darke,19,5,18,51198,18.48759426
Defiance,20,5,16,37203,13.59889011
Delaware,21,5,16,44359,16.06715997
Erie,22,5,26,77659,28.23933261
Fairfield,23,5,36,76642,27.9396315
Fayette,24,5,10,26785,9.669961607
Franklin,25,5,302,857183,308.8029214
Fulton,26,5,16,35256,12.77970764
Gallia,27,5,4,26741,9.72557306
Geauga,28,5,8,63384,23.2224089
Greene,29,5,34,125758,46.23798707
Guernsey,30,5,14,39642,14.21408588
Hamilton,31,5,452,913285,325.3623146
Hancock,32,5,10,62665,22.57992069
Hardin,33,5,14,32177,11.79639524
Harrison,34,5,12,17439,6.332805037
Henry,35,5,0,28233,10.2897353
Highland,36,5,16,30024,10.86553447
Hocking,37,5,12,21549,7.841281056
Holmes,38,5,0,25172,9.164912611
Huron,39,5,18,51517,18.63810221
Jackson,40,5,10,27726,9.947239743
Jefferson,41,5,48,96338,34.81562816
Knox,42,5,10,42891,15.56486754
Lake,43,5,66,197928,72.11448657
Lawrence,44,5,30,60359,21.82117606
Licking,45,5,44,110677,40.18925405
Logan,46,5,12,36462,13.22068427
Lorain,47,5,72,260568,94.66492328
Lucas,48,5,194,488593,175.6848397
Madison,49,5,16,29390,10.99666928
Mahoning,50,5,104,303854,109.3588723
Marion,51,5,18,66508,24.36246801
Medina,52,5,22,85075,31.10477397
Meigs,53,5,12,20261,7.359644678
Mercer,54,5,6,36607,13.31507202
Miami,55,5,32,86753,31.32713393
Monroe,56,5,2,15406,5.630398898
Montgomery,57,5,192,601187,216.6526583
Morgan,58,5,6,13530,4.893446063
Morrow,59,5,6,23510,8.630725966
Muskingum,60,5,18,80812,28.92937762
Noble,61,5,10,10658,3.907349093
Ottawa,62,5,10,38712,14.06168482
Paulding,63,5,2,19878,7.252303643
Perry,64,5,10,27846,10.14288752
Pickaway,65,5,14,42184,15.5066039
Pike,66,5,6,20268,7.441473853
Portage,67,5,28,129497,47.44576799
Preble,68,5,16,36079,13.10940815
Putnam,69,5,4,32625,11.96087988
Richland,70,5,30,130801,47.79332847
Ross,71,5,22,61767,23.01833084
Sandusky,72,5,14,62694,22.69074718
Scioto,73,5,50,79969,28.70301833
Seneca,74,5,20,61615,22.26015847
Shelby,75,5,4,38710,14.12137496
Stark,76,5,132,371864,133.8690806
Summit,77,5,194,547161,197.1746799
Trumbull,78,5,68,246895,89.34914578
Tuscarawas,79,5,16,78760,28.40332796
Union,80,5,2,24977,8.976719757
Van Wert,81,5,10,29951,10.77911288
Vinton,82,5,0,10088,3.720214177
Warren,83,5,30,86536,32.07562175
Washington,84,5,16,58688,21.24570595
Wayne,85,5,18,89566,32.64028747
Williams,86,5,10,34686,12.59358788
Wood,87,5,30,94642,34.29190909
Wyandot,88,5,2,22840,8.238430953
Adams,1,6,7,21891,8.009698535
Allen,2,6,38,110273,39.8417897
Ashland,3,6,11,44258,15.94937711
Ashtabula,4,6,29,100428,36.33461705
Athens,5,6,23,56099,20.68804573
Auglaize,6,6,15,40370,14.6079122
Belmont,7,6,33,82704,29.67099243
Brown,8,6,10,29254,10.63746275
Butler,9,6,82,237052,85.70298977
Carroll,10,6,6,23325,8.521965926
Champaign,11,6,17,30738,11.09461583
Clark,12,6,64,157298,56.43597257
Clermont,13,6,36,102780,37.4575299
Clinton,14,6,11,32506,11.7917684
Columbiana,15,6,46,111559,40.23398157
Coshocton,16,6,14,35141,12.63573641
Crawford,17,6,18,51823,18.69565756
Cuyahoga,18,6,688,1641974,585.0269988
Darke,19,6,6,52299,18.85299168
Defiance,20,6,4,37463,13.65254167
Delaware,21,6,17,47356,17.1620941
Erie,22,6,19,78171,28.35273356
Fairfield,23,6,25,79307,28.87619533
Fayette,24,6,17,26606,9.59905073
Franklin,25,6,267,860867,309.6147032
Fulton,26,6,5,35318,12.77324412
Gallia,27,6,11,26955,9.818035869
Geauga,28,6,16,65804,24.07132617
Greene,29,6,27,126601,46.40838813
Guernsey,30,6,22,39869,14.28903291
Hamilton,31,6,418,911646,324.341107
Hancock,32,6,23,63442,22.858145
Hardin,33,6,4,32534,11.87869036
Harrison,34,6,6,17731,6.424718281
Henry,35,6,8,28520,10.39799346
Highland,36,6,13,30833,11.14179466
Hocking,37,6,12,21440,7.795318209
Holmes,38,6,7,25797,9.385123077
Huron,39,6,14,52245,18.8510553
Jackson,40,6,14,28769,10.33015143
Jefferson,41,6,36,95851,34.53981965
Knox,42,6,7,43217,15.66271231
Lake,43,6,73,201388,73.21010048
Lawrence,44,6,31,59993,21.64854112
Licking,45,6,39,110830,40.18544268
Logan,46,6,10,37091,13.41612882
Lorain,47,6,74,264778,96.04814612
Lucas,48,6,208,488564,175.4345548
Madison,49,6,7,28296,10.53608519
Mahoning,50,6,98,302497,108.614127
Marion,51,6,21,66539,24.33201295
Medina,52,6,16,90028,32.89666854
Meigs,53,6,10,21026,7.63406969
Mercer,54,6,9,37356,13.57433757
Miami,55,6,27,87900,31.69302895
Monroe,56,6,4,16028,5.856650944
Montgomery,57,6,249,591799,212.881163
Morgan,58,6,1,13451,4.85266663
Morrow,59,6,6,24438,8.966107711
Muskingum,60,6,41,80942,28.97808874
Noble,61,6,4,10692,3.917607558
Ottawa,62,6,13,38490,13.97387446
Paulding,63,6,5,20242,7.378028099
Perry,64,6,16,30078,10.94825375
Pickaway,65,6,10,43147,15.84686251
Pike,66,6,8,20361,7.44951704
Portage,67,6,27,131179,47.9585665
Preble,68,6,7,35673,12.95127382
Putnam,69,6,6,32671,11.96804144
Richland,70,6,49,130943,47.7159761
Ross,71,6,20,61980,23.0298381
Sandusky,72,6,22,63460,22.96949721
Scioto,73,6,30,79601,28.58395152
Seneca,74,6,15,62652,22.57181117
Shelby,75,6,9,40061,14.61513835
Stark,76,6,126,381185,137.084153
Summit,77,6,199,544675,195.884837
Trumbull,78,6,79,237291,85.69643609
Tuscarawas,79,6,43,80412,28.9605761
Union,80,6,6,25975,9.312394605
Van Wert,81,6,11,30246,10.90858015
Vinton,82,6,4,10313,3.79559693
Warren,83,6,13,88098,32.54657423
Washington,84,6,20,59286,21.43322591
Wayne,85,6,23,90712,33.00881726
Williams,86,6,10,34990,12.68317025
Wood,87,6,26,97650,35.33355491
Wyandot,88,6,5,22817,8.215365199
Adams,1,7,12,22558,8.698940829
Allen,2,7,41,110676,42.13188492
Ashland,3,7,12,44197,16.81724799
Ashtabula,4,7,37,101077,38.55206765
Athens,5,7,11,54052,20.93979616
Auglaize,6,7,12,40907,15.61109797
Belmont,7,7,61,82211,31.12118248
Brown,8,7,11,29486,11.30668359
Butler,9,7,78,239350,91.19728817
Carroll,10,7,5,24013,9.252517841
Champaign,11,7,12,32325,12.3230454
Clark,12,7,53,155839,58.9228391
Clermont,13,7,33,104895,40.29889556
Clinton,14,7,11,33013,12.64184492
Columbiana,15,7,31,111782,42.50559951
Coshocton,16,7,12,35122,13.32035861
Crawford,17,7,13,51466,19.55815144
Cuyahoga,18,7,701,1616282,607.2108153
Darke,19,7,14,53876,20.4932524
Defiance,20,7,8,37788,14.50115597
Delaware,21,7,16,49587,18.9664817
Erie,22,7,25,78071,29.8653853
Fairfield,23,7,37,81766,31.4194818
Fayette,24,7,12,26702,10.14631104
Franklin,25,7,301,864836,328.0727867
Fulton,26,7,4,35979,13.73321306
Gallia,27,7,13,27282,10.46805455
Geauga,28,7,12,66105,25.50430258
Greene,29,7,27,125865,48.64080406
Guernsey,30,7,15,40384,15.26791932
Hamilton,31,7,467,905183,339.7649116
Hancock,32,7,20,63896,24.26816659
Hardin,33,7,16,32101,12.36352657
Harrison,34,7,4,17832,6.813078437
Henry,35,7,6,28483,10.92750524
Highland,36,7,15,31445,11.98715532
Hocking,37,7,5,22153,8.488364629
Holmes,38,7,3,26675,10.24102188
Huron,39,7,9,52575,20.02290127
Jackson,40,7,11,28835,10.92731003
Jefferson,41,7,41,94330,35.84338727
Knox,42,7,18,43771,16.73924204
Lake,43,7,64,203651,78.07820734
Lawrence,44,7,28,60103,22.87368728
Licking,45,7,42,112351,42.96727229
Logan,46,7,18,37218,14.2103562
Lorain,47,7,72,268253,102.5359853
Lucas,48,7,219,486349,184.1034496
Madison,49,7,8,30829,12.1288764
Mahoning,50,7,136,306291,115.9286362
Marion,51,7,27,67540,26.0666322
Medina,52,7,25,92976,35.81470242
Meigs,53,7,7,21288,8.148129167
Mercer,54,7,15,37647,14.43476375
Miami,55,7,32,87887,33.45260158
Monroe,56,7,6,15881,6.125157982
Montgomery,57,7,243,585166,221.8641639
Morgan,58,7,4,13310,5.064968639
Morrow,59,7,5,25250,9.766483927
Muskingum,60,7,39,80406,30.35625495
Noble,61,7,4,10751,4.138311121
Ottawa,62,7,12,39107,14.95790219
Paulding,63,7,4,20427,7.844525899
Perry,64,7,15,28961,11.10210421
Pickaway,65,7,9,43554,16.83149239
Pike,66,7,6,20465,7.904754133
Portage,67,7,41,132611,51.0916019
Preble,68,7,9,35503,13.5869614
Putnam,69,7,6,32577,12.55373199
Richland,70,7,45,130470,50.13865248
Ross,71,7,19,61616,24.11921888
Sandusky,72,7,17,63012,24.04634079
Scioto,73,7,31,80116,30.34532583
Seneca,74,7,22,62502,23.74464489
Shelby,75,7,10,41079,15.81109691
Stark,76,7,155,382326,144.9883812
Summit,77,7,200,537697,203.768579
Trumbull,78,7,87,240477,91.58556748
Tuscarawas,79,7,33,80918,30.68116889
Union,80,7,11,28251,10.69373968
Van Wert,81,7,12,29746,11.30974854
Vinton,82,7,8,10333,3.997452628
Warren,83,7,24,88477,34.45680239
Washington,84,7,10,59838,22.79828382
Wayne,85,7,20,91174,34.98346363
Williams,86,7,11,35331,13.53370637
Wood,87,7,26,101014,38.46806569
Wyandot,88,7,6,23148,8.802613997
Adams,1,8,12,22273,9.267237472
Allen,2,8,35,110817,45.58861495
Ashland,3,8,18,44818,18.43781381
Ashtabula,4,8,26,101935,42.0497571
Athens,5,8,20,52233,21.82802228
Auglaize,6,8,12,42454,17.53305796
Belmont,7,8,38,82801,33.86454357
Brown,8,8,10,30048,12.4777621
Butler,9,8,103,240620,99.08029533
Carroll,10,8,6,24330,10.14403556
Champaign,11,8,15,32318,13.32657185
Clark,12,8,75,154520,63.22497955
Clermont,13,8,36,109615,45.53630165
Clinton,14,8,11,33281,13.77583785
Columbiana,15,8,43,112298,46.20140273
Coshocton,16,8,14,35741,14.66095893
Crawford,17,8,24,51174,21.03051728
Cuyahoga,18,8,728,1595198,648.057875
Darke,19,8,25,54269,22.33838009
Defiance,20,8,4,38126,15.82345141
Delaware,21,8,17,49367,20.41202884
Erie,22,8,28,78392,32.38831058
Fairfield,23,8,28,84076,34.90702088
Fayette,24,8,7,26641,10.95487201
Franklin,25,8,328,867442,355.8153191
Fulton,26,8,14,35889,14.82226429
Gallia,27,8,13,28853,11.97041443
Geauga,28,8,14,67732,28.28219831
Greene,29,8,26,125767,52.53866801
Guernsey,30,8,19,40557,16.57009586
Hamilton,31,8,430,892969,362.4352302
Hancock,32,8,15,63888,26.25820344
Hardin,33,8,12,32064,13.33092198
Harrison,34,8,14,17685,7.312464946
Henry,35,8,11,28408,11.78078958
Highland,36,8,16,31322,12.91500886
Hocking,37,8,11,22322,9.247384819
Holmes,38,8,3,27350,11.34668837
Huron,39,8,19,53732,22.12151035
Jackson,40,8,14,29443,12.06104491
Jefferson,41,8,45,94755,38.92051823
Knox,42,8,19,44454,18.37818558
Lake,43,8,62,209085,86.62627393
Lawrence,44,8,45,59133,24.32541092
Licking,45,8,52,115493,47.73962025
Logan,46,8,17,38131,15.745216
Lorain,47,8,97,268486,110.9562357
Lucas,48,8,249,484940,198.5089706
Madison,49,8,5,32344,13.78677145
Mahoning,50,8,139,289591,118.4248901
Marion,51,8,33,67843,28.30162883
Medina,52,8,24,96819,40.31215213
Meigs,53,8,14,21537,8.924071813
Mercer,54,8,21,37978,15.7185399
Miami,55,8,39,88455,36.4066836
Monroe,56,8,8,15839,6.592358384
Montgomery,57,8,268,583121,238.9573747
Morgan,58,8,5,13448,5.527631262
Morrow,59,8,8,25974,10.84828726
Muskingum,60,8,34,81894,33.44632541
Noble,61,8,5,11134,4.621954289
Ottawa,62,8,24,40023,16.56313233
Paulding,63,8,3,20807,8.644704232
Perry,64,8,12,30410,12.63341827
Pickaway,65,8,13,44317,18.53789854
Pike,66,8,5,21126,8.806480371
Portage,67,8,34,132523,55.16257421
Preble,68,8,12,36175,14.97982593
Putnam,69,8,8,33279,13.86890194
Richland,70,8,48,130963,54.39093936
Ross,71,8,18,62465,26.40081961
Sandusky,72,8,17,63866,26.3461507
Scioto,73,8,40,81275,33.34192324
Seneca,74,8,25,62259,25.57600178
Shelby,75,8,11,41667,17.32463179
Stark,76,8,157,377968,154.9472942
Summit,77,8,225,540074,221.2807001
Trumbull,78,8,75,243923,100.411311
Tuscarawas,79,8,47,81885,33.59290152
Union,80,8,11,27682,11.33457769
Van Wert,81,8,18,29656,12.2092026
Vinton,82,8,4,10425,4.359428498
Warren,83,8,29,88513,37.23746534
Washington,84,8,20,61101,25.20113581
Wayne,85,8,31,94728,39.31450048
Williams,86,8,9,35238,14.59145738
Wood,87,8,32,99552,40.98731339
Wyandot,88,8,9,23259,9.548143623
Adams,1,9,10,23193,10.08507073
Allen,2,9,54,109791,47.13714052
Ashland,3,9,15,44494,19.12420456
Ashtabula,4,9,40,101116,43.55969558
Athens,5,9,25,51508,22.48538329
Auglaize,6,9,20,41319,17.82231286
Belmont,7,9,39,83259,35.57206023
Brown,8,9,14,30025,13.01410266
Butler,9,9,105,241318,103.7654907
Carroll,10,9,7,24722,10.75399215
Champaign,11,9,13,32873,14.17774254
Clark,12,9,76,151657,64.81077866
Clermont,13,9,33,111781,48.45189428
Clinton,14,9,11,33537,14.48081013
Columbiana,15,9,49,112805,48.47270898
Coshocton,16,9,13,35328,15.12837137
Crawford,17,9,25,51186,21.96039738
Cuyahoga,18,9,760,1578170,669.5958364
Darke,19,9,16,55189,23.72104368
Defiance,20,9,9,38396,16.64055147
Delaware,21,9,15,49834,21.54739545
Erie,22,9,40,78246,33.77010005
Fairfield,23,9,36,85472,37.01939549
Fayette,24,9,11,26974,11.58080426
Franklin,25,9,338,868966,372.2519724
Fulton,26,9,12,36503,15.74885755
Gallia,27,9,13,28709,12.44899719
Geauga,28,9,15,67838,29.55571753
Greene,29,9,37,127975,55.79002696
Guernsey,30,9,20,40304,17.20644844
Hamilton,31,9,492,894106,379.260074
Hancock,32,9,24,63869,27.40911611
Hardin,33,9,17,32422,14.0747357
Harrison,34,9,6,17561,7.563827027
Henry,35,9,11,28346,12.26663129
Highland,36,9,20,32808,14.13620379
Hocking,37,9,6,22904,9.900192018
Holmes,38,9,9,27875,12.04671416
Huron,39,9,15,53452,22.96538901
Jackson,40,9,22,30149,12.89397373
Jefferson,41,9,53,93747,40.20991793
Knox,42,9,20,44382,19.1446515
Lake,43,9,62,209714,90.70973961
Lawrence,44,9,15,61393,26.37470395
Licking,45,9,50,115142,49.67397047
Logan,46,9,23,38207,16.47179016
Lorain,47,9,93,265032,114.3402506
Lucas,48,9,246,477884,204.1575366
Madison,49,9,10,32077,14.30431783
Mahoning,50,9,144,297632,127.0944357
Marion,51,9,26,67342,29.28709643
Medina,52,9,25,99093,43.08735333
Meigs,53,9,12,21899,9.483816441
Mercer,54,9,11,37789,16.34586449
Miami,55,9,40,88480,38.04744384
Monroe,56,9,6,15955,6.935966137
Montgomery,57,9,266,577371,247.0006345
Morgan,58,9,8,13540,5.834552604
Morrow,59,9,9,25878,11.2982343
Muskingum,60,9,42,82021,35.00307122
Noble,61,9,5,11172,4.854639427
Ottawa,62,9,19,39068,16.8993183
Paulding,63,9,5,20602,8.935606813
Perry,64,9,15,29765,12.91140806
Pickaway,65,9,14,43964,19.20143308
Pike,66,9,11,21394,9.339073539
Portage,67,9,35,133569,58.08810474
Preble,68,9,12,36532,15.79470581
Putnam,69,9,15,33759,14.69498364
Richland,70,9,54,131303,56.97167565
Ross,71,9,17,62384,27.50356913
Sandusky,72,9,19,63485,27.40449349
Scioto,73,9,38,85006,36.4745121
Seneca,74,9,29,61934,26.57592906
Shelby,75,9,18,41542,18.04553136
Stark,76,9,179,375740,160.9065411
Summit,77,9,206,534232,228.6317091
Trumbull,78,9,94,239970,103.1280872
Tuscarawas,79,9,30,82672,35.41290313
Union,80,9,8,28294,12.11199353
Van Wert,81,9,11,29557,12.70238539
Vinton,82,9,3,10416,4.538362224
Warren,83,9,29,91149,40.10242716
Washington,84,9,23,60848,26.23817518
Wayne,85,9,22,94097,40.75819656
Williams,86,9,15,35323,15.28255199
Wood,87,9,25,100495,43.17481795
Wyandot,88,9,4,23065,9.903858389
Adams,1,10,7,23562,10.57698323
Allen,2,10,63,110487,48.94362557
Ashland,3,10,15,44708,19.81606437
Ashtabula,4,10,41,101545,45.07174546
Athens,5,10,18,53994,24.33402942
Auglaize,6,10,18,41524,18.47612914
Belmont,7,10,46,82514,36.35824144
Brown,8,10,11,30597,13.68118375
Butler,9,10,104,246005,109.0558538
Carroll,10,10,10,25171,11.27948219
Champaign,11,10,16,33181,14.74769595
Clark,12,10,71,150800,66.44985729
Clermont,13,10,44,115394,51.59507611
Clinton,14,10,14,33992,15.14151003
Columbiana,15,10,53,113792,50.41379833
Coshocton,16,10,15,35299,15.59728885
Crawford,17,10,17,50859,22.51252915
Cuyahoga,18,10,786,1558647,681.7339859
Darke,19,10,25,55031,24.37724859
Defiance,20,10,12,38898,17.38451979
Delaware,21,10,12,50816,22.6902549
Erie,22,10,34,78439,34.91080281
Fairfield,23,10,36,86447,38.57664352
Fayette,24,10,10,27131,12.02619517
Franklin,25,10,350,875089,386.7859942
Fulton,26,10,2,37131,16.52108747
Gallia,27,10,12,30130,13.47445829
Geauga,28,10,24,70373,31.62190819
Greene,29,10,46,128552,57.68707618
Guernsey,30,10,20,40228,17.69893362
Hamilton,31,10,536,890008,389.2374841
Hancock,32,10,14,64064,28.34916779
Hardin,33,10,24,32353,14.47357383
Harrison,34,10,7,17331,7.703536973
Henry,35,10,10,28420,12.6769975
Highland,36,10,17,33287,14.79360314
Hocking,37,10,10,23188,10.35131563
Holmes,38,10,5,28698,12.79211758
Huron,39,10,16,53928,23.87129873
Jackson,40,10,18,30078,13.28140466
Jefferson,41,10,56,93223,41.20804552
Knox,42,10,18,45221,20.1197281
Lake,43,10,75,209768,93.55916194
Lawrence,44,10,37,61949,27.47960305
Licking,45,10,55,116310,51.78172044
Logan,46,10,23,38386,17.0648764
Lorain,47,10,91,270737,120.4381453
Lucas,48,10,205,474495,208.9888158
Madison,49,10,20,31969,14.6911166
Mahoning,50,10,138,297033,130.7993274
Marion,51,10,37,66949,30.04307841
Medina,52,10,32,103102,46.24501047
Meigs,53,10,10,22138,9.878764082
Mercer,54,10,11,38249,17.06850812
Miami,55,10,58,88980,39.45150612
Monroe,56,10,1,16279,7.305817392
Montgomery,57,10,276,571005,251.8352921
Morgan,58,10,2,13437,5.970027235
Morrow,59,10,7,26465,11.90320874
Muskingum,60,10,50,83031,36.5589961
Noble,61,10,5,11185,5.005076105
Ottawa,62,10,20,40076,17.85083617
Paulding,63,10,5,20783,9.302666293
Perry,64,10,13,30208,13.51226023
Pickaway,65,10,16,44104,19.86316013
Pike,66,10,5,21615,9.726564491
Portage,67,10,38,133367,59.83522533
Preble,68,10,11,36839,16.43593717
Putnam,69,10,8,33526,15.05747614
Richland,70,10,48,130581,58.39455404
Ross,71,10,38,63698,29.00055654
Sandusky,72,10,26,63787,28.39850938
Scioto,73,10,32,84500,37.43857197
Seneca,74,10,31,62251,27.57934644
Shelby,75,10,11,42084,18.85564363
Stark,76,10,137,376118,166.0513032
Summit,77,10,248,528581,233.174924
Trumbull,78,10,76,241863,107.1351869
Tuscarawas,79,10,46,82977,36.66527909
Union,80,10,8,31013,13.67696795
Van Wert,81,10,16,30308,13.45245683
Vinton,82,10,3,10792,4.840045726
Warren,83,10,29,93554,42.44591095
Washington,84,10,26,61521,27.3727033
Wayne,85,10,24,94157,42.06959691
Williams,86,10,10,35555,15.87935534
Wood,87,10,30,101988,45.16225627
Wyandot,88,10,10,22869,10.13206524
Adams,1,11,13,23917,10.80368932
Allen,2,11,42,109901,49.00461764
Ashland,3,11,13,45323,20.221826
Ashtabula,4,11,49,102462,45.80112967
Athens,5,11,30,55134,25.07943209
Auglaize,6,11,11,42054,18.84399243
Belmont,7,11,35,82174,36.50192144
Brown,8,11,16,31292,14.09517308
Butler,9,11,123,251343,112.1833804
Carroll,10,11,9,25719,11.60443963
Champaign,11,11,13,33406,14.94806074
Clark,12,11,64,150634,66.84354488
Clermont,13,11,58,120652,54.29624393
Clinton,14,11,17,34397,15.42344363
Columbiana,15,11,48,114611,51.15764598
Coshocton,16,11,15,35469,15.79140546
Crawford,17,11,30,51407,22.92337095
Cuyahoga,18,11,781,1538724,678.320406
Darke,19,11,25,54691,24.40834298
Defiance,20,11,10,39179,17.62930972
Delaware,21,11,20,51953,23.386354
Erie,22,11,39,78711,35.26478487
Fairfield,23,11,40,88739,39.83630934
Fayette,24,11,13,27034,12.05389509
Franklin,25,11,357,877061,390.511235
Fulton,26,11,13,37493,16.79995353
Gallia,27,11,17,29712,13.36750378
Geauga,28,11,15,73210,33.09280457
Greene,29,11,47,129345,58.42586294
Guernsey,30,11,20,40484,17.94332507
Hamilton,31,11,483,886806,390.8941242
Hancock,32,11,17,64856,28.91550864
Hardin,33,11,13,32591,14.66478073
Harrison,34,11,8,17338,7.755625045
Henry,35,11,8,28986,13.03106014
Highland,36,11,19,33419,14.96584189
Hocking,37,11,9,23266,10.4526649
Holmes,38,11,5,29462,13.2121314
Huron,39,11,29,54336,24.24724187
Jackson,40,11,19,30056,13.37459673
Jefferson,41,11,60,92460,41.16494624
Knox,42,11,14,46228,20.70653687
Lake,43,11,81,210956,94.68973261
Lawrence,44,11,33,62430,27.87990288
Licking,45,11,47,118681,53.18771258
Logan,46,11,17,38807,17.36541031
Lorain,47,11,88,275435,123.3431401
Lucas,48,11,235,469325,208.2766221
Madison,49,11,14,32216,14.85344667
Mahoning,50,11,158,292495,129.7502808
Marion,51,11,41,66794,30.17401762
Medina,52,11,32,107733,48.6537786
Meigs,53,11,9,22327,10.05534543
Mercer,54,11,14,38319,17.2345308
Miami,55,11,28,89888,40.13745565
Monroe,56,11,6,16550,7.480610262
Montgomery,57,11,279,569496,252.9888553
Morgan,58,11,7,13645,6.10550109
Morrow,59,11,8,26674,12.06148703
Muskingum,60,11,59,83000,36.83281479
Noble,61,11,5,11183,5.029909048
Ottawa,62,11,14,40502,18.19907826
Paulding,63,11,12,21008,9.480443061
Perry,64,11,14,30858,13.89345427
Pickaway,65,11,9,44333,20.07320325
Pike,66,11,8,22132,10.00373944
Portage,67,11,33,134325,60.65448579
Preble,68,11,13,37183,16.7032991
Putnam,69,11,8,33213,15.00471002
Richland,70,11,52,130900,58.91789928
Ross,71,11,33,64553,29.5371727
Sandusky,72,11,31,64040,28.72492827
Scioto,73,11,34,83868,37.44637981
Seneca,74,11,29,62626,27.96169261
Shelby,75,11,13,42773,19.29360749
Stark,76,11,157,378316,168.2870255
Summit,77,11,246,523969,232.7907285
Trumbull,78,11,91,244996,109.26887
Tuscarawas,79,11,30,83338,37.0718198
Union,80,11,10,29404,13.06414268
Van Wert,81,11,9,30489,13.63418302
Vinton,82,11,3,10995,4.960788263
Warren,83,11,33,96229,43.9001919
Washington,84,11,26,62727,28.09877412
Wayne,85,11,24,95511,42.97686638
Williams,86,11,8,35918,16.16287735
Wood,87,11,22,104134,46.41706615
Wyandot,88,11,16,22785,10.1603327
Adams,1,12,5,23948,11.23134849
Allen,2,12,76,111387,51.65808154
Ashland,3,12,11,45781,21.21680754
Ashtabula,4,12,38,103767,48.17019243
Athens,5,12,30,55189,26.09515211
Auglaize,6,12,18,42474,19.79564313
Belmont,7,12,40,83336,38.4568574
Brown,8,12,7,31552,14.75334174
Butler,9,12,91,256571,119.000964
Carroll,10,12,12,25553,11.97047967
Champaign,11,12,12,33875,15.73372127
Clark,12,12,60,150905,69.61649819
Clermont,13,12,51,124709,58.31157241
Clinton,14,12,11,34598,16.09351857
Columbiana,15,12,55,113822,52.82228212
Coshocton,16,12,13,35783,16.56857802
Crawford,17,12,23,50749,23.5129253
Cuyahoga,18,12,825,1517979,695.602678
Darke,19,12,22,55547,25.76696938
Defiance,20,12,15,39934,18.67859846
Delaware,21,12,25,53600,25.09399066
Erie,22,12,33,78315,36.46770416
Fairfield,23,12,41,91423,42.63906877
Fayette,24,12,15,27453,12.73536346
Franklin,25,12,402,878354,406.4146634
Fulton,26,12,12,37721,17.58519971
Gallia,27,12,20,29464,13.77321111
Geauga,28,12,20,73538,34.53531777
Greene,29,12,49,129791,60.9228737
Guernsey,30,12,17,41064,18.93132617
Hamilton,31,12,528,881168,403.9317637
Hancock,32,12,24,64667,29.97386478
Hardin,33,12,11,32320,15.09714306
Harrison,34,12,7,17769,8.262589698
Henry,35,12,6,28560,13.33402852
Highland,36,12,24,33456,15.56241454
Hocking,37,12,9,23962,11.19505373
Holmes,38,12,4,29529,13.76603108
Huron,39,12,26,54590,25.3029806
Jackson,40,12,21,30378,14.05215734
Jefferson,41,12,57,91052,42.14267816
Knox,42,12,25,46692,21.73191041
Lake,43,12,87,212405,99.02613606
Lawrence,44,12,35,63166,29.3183435
Licking,45,12,57,119933,55.87188336
Logan,46,12,11,38867,18.06573314
Lorain,47,12,121,273049,127.0715939
Lucas,48,12,280,472282,217.8798927
Madison,49,12,10,32470,15.53420632
Mahoning,50,12,137,289471,133.4329314
Marion,51,12,25,67209,31.49856683
Medina,52,12,27,111242,52.20922054
Meigs,53,12,19,22959,10.74129007
Mercer,54,12,16,38326,17.90014986
Miami,55,12,44,90353,41.91426574
Monroe,56,12,7,17119,8.050974273
Montgomery,57,12,259,572382,264.1298325
Morgan,58,12,7,13907,6.487398563
Morrow,59,12,9,26957,12.64864468
Muskingum,60,12,49,83311,38.45980448
Noble,61,12,6,11162,5.22123938
Ottawa,62,12,10,40552,18.91018502
Paulding,63,12,13,21259,9.960300785
Perry,64,12,10,30910,14.42427268
Pickaway,65,12,27,44077,20.74622276
Pike,66,12,8,22397,10.51471793
Portage,67,12,38,134256,62.96762979
Preble,68,12,13,37848,17.67544328
Putnam,69,12,11,34357,16.15320807
Richland,70,12,45,130231,60.89709462
Ross,71,12,27,64850,30.80432912
Sandusky,72,12,23,63737,29.72501104
Scioto,73,12,41,84442,39.22096377
Seneca,74,12,19,62674,29.113552
Shelby,75,12,9,43056,20.17842044
Stark,76,12,182,377507,174.4643786
Summit,77,12,247,526662,243.1927151
Trumbull,78,12,91,241424,111.8401737
Tuscarawas,79,12,28,84041,38.85848782
Union,80,12,4,29408,13.57359582
Van Wert,81,12,9,30443,14.14210689
Vinton,82,12,6,11338,5.306927809
Warren,83,12,43,98221,46.54228133
Washington,84,12,20,63759,29.68609138
Wayne,85,12,36,97328,45.51960966
Williams,86,12,10,36083,16.88670547
Wood,87,12,28,106035,49.09810215
Wyandot,88,12,7,22804,10.55482745
Adams,1,13,14,24305,12.60231963
Allen,2,13,46,111850,57.30083762
Ashland,3,13,22,46121,23.66994035
Ashtabula,4,13,58,103685,53.2106552
Athens,5,13,25,56429,29.42827188
Auglaize,6,13,17,42491,21.89105478
Belmont,7,13,54,82246,41.96684726
Brown,8,13,21,31977,16.52139105
Butler,9,13,135,258877,132.7049556
Carroll,10,13,7,25491,13.18896876
Champaign,11,13,17,33544,17.22562003
Clark,12,13,99,149783,76.41398135
Clermont,13,13,62,128713,66.51532141
Clinton,14,13,11,34535,17.75838123
Columbiana,15,13,51,113124,58.04232983
Coshocton,16,13,22,35958,18.40558656
Crawford,17,13,28,49919,25.53337306
Cuyahoga,18,13,917,1491686,755.5778379
Darke,19,13,18,54782,28.07911935
Defiance,20,13,12,39768,20.53615112
Delaware,21,13,17,53872,27.88506527
Erie,22,13,41,79327,40.84325223
Fairfield,23,13,33,93630,48.20210544
Fayette,24,13,14,27322,14.00859514
Franklin,25,13,402,868797,444.0170618
Fulton,26,13,9,37676,19.40431778
Gallia,27,13,15,30051,15.52575655
Geauga,28,13,22,74242,38.53666254
Greene,29,13,44,129421,67.05197951
Guernsey,30,13,22,41935,21.37838438
Hamilton,31,13,583,871090,441.4863739
Hancock,32,13,29,64375,32.95375526
Hardin,33,13,18,32593,16.80588277
Harrison,34,13,8,17987,9.238981011
Henry,35,13,7,28277,14.58592592
Highland,36,13,25,33506,17.24515257
Hocking,37,13,14,24234,12.52637622
Holmes,38,13,3,29388,15.13305714
Huron,39,13,25,54519,27.92994179
Jackson,40,13,22,30481,15.58021969
Jefferson,41,13,55,91051,46.51786101
Knox,42,13,15,46228,23.75502589
Lake,43,13,101,212138,109.2441937
Lawrence,44,13,39,63644,32.62858871
Licking,45,13,69,121054,62.32222129
Logan,46,13,19,39069,20.06821026
Lorain,47,13,115,273724,140.7854283
Lucas,48,13,243,470235,239.7827219
Madison,49,13,10,33024,17.46434656
Mahoning,50,13,142,288040,146.7720311
Marion,51,13,27,67657,35.03396409
Medina,52,13,38,112964,58.56181763
Meigs,53,13,12,23529,12.15371922
Mercer,54,13,12,38226,19.74854349
Miami,55,13,48,90168,46.20994165
Monroe,56,13,4,17287,8.97768801
Montgomery,57,13,314,570223,290.8709613
Morgan,58,13,8,14190,7.319507911
Morrow,59,13,16,26419,13.70658035
Muskingum,60,13,54,83215,42.45614889
Noble,61,13,3,11273,5.833724661
Ottawa,62,13,15,39955,20.60862733
Paulding,63,13,11,21191,10.97351039
Perry,64,13,21,31000,16.00570914
Pickaway,65,13,23,43432,22.57198501
Pike,66,13,14,22908,11.87902465
Portage,67,13,37,135770,70.34872267
Preble,68,13,24,38066,19.65760934
Putnam,69,13,13,32962,17.11819841
Richland,70,13,62,130722,67.59312058
Ross,71,13,23,64945,34.07542779
Sandusky,72,13,27,63026,32.49621347
Scioto,73,13,54,84244,43.27170827
Seneca,74,13,30,61590,31.6172615
Shelby,75,13,19,43034,22.28537514
Stark,76,13,197,377634,192.9373981
Summit,77,13,277,522227,266.4809436
Trumbull,78,13,114,241115,123.4170965
Tuscarawas,79,13,36,84476,43.15307946
Union,80,13,17,29528,15.06589476
Van Wert,81,13,13,30321,15.58248193
Vinton,82,13,5,11502,5.942770459
Warren,83,13,33,99196,51.92093256
Washington,84,13,26,64064,32.94802761
Wayne,85,13,27,97179,50.21061694
Williams,86,13,17,36296,18.77851076
Wood,87,13,32,107345,54.91073714
Wyandot,88,13,7,22618,11.55841292
Adams,1,14,12,24661,12.73229764
Allen,2,14,53,111763,57.14628095
Ashland,3,14,18,46445,23.74133758
Ashtabula,4,14,56,103457,52.96727405
Athens,5,14,33,57108,29.75138664
Auglaize,6,14,20,42760,21.9675771
Belmont,7,14,64,82242,41.86182323
Brown,8,14,12,32666,16.87610567
Butler,9,14,129,262312,134.1206439
Carroll,10,14,12,25647,13.23303354
Champaign,11,14,14,33476,17.14430442
Clark,12,14,80,149646,76.22518058
Clermont,13,14,71,131621,67.89679786
Clinton,14,14,16,34610,17.70433204
Columbiana,15,14,63,113142,57.8840776
Coshocton,16,14,13,36247,18.52316834
Crawford,17,14,21,49919,25.50569446
Cuyahoga,18,14,913,1481287,748.9270442
Darke,19,14,18,54469,27.87965252
Defiance,20,14,13,39635,20.43017305
Delaware,21,14,10,54737,28.26350959
Erie,22,14,32,79260,40.74766294
Fairfield,23,14,38,95011,48.80488577
Fayette,24,14,22,27239,13.94415302
Franklin,25,14,431,877791,447.9465497
Fulton,26,14,15,37857,19.44607374
Gallia,27,14,17,30164,15.54554117
Geauga,28,14,29,74526,38.60892244
Greene,29,14,44,129915,67.08191266
Guernsey,30,14,24,41993,21.35228433
Hamilton,31,14,542,871895,441.1385525
Hancock,32,14,22,64665,33.03608885
Hardin,33,14,15,32575,16.74128972
Harrison,34,14,12,17721,9.075387324
Henry,35,14,13,28150,14.48122747
Highland,36,14,13,34009,17.44754886
Hocking,37,14,14,24292,12.5231687
Holmes,38,14,8,29902,15.35307535
Huron,39,14,28,54706,27.94613725
Jackson,40,14,12,30290,15.46139676
Jefferson,41,14,68,90572,46.13609033
Knox,42,14,22,46575,23.88978207
Lake,43,14,83,213482,109.6141708
Lawrence,44,14,26,63682,32.58746647
Licking,45,14,72,122894,63.11026983
Logan,46,14,31,39268,20.10418037
Lorain,47,14,110,273797,140.4385794
Lucas,48,14,282,469879,239.1336851
Madison,49,14,13,33544,17.69190091
Mahoning,50,14,159,286390,145.6586764
Marion,51,14,36,67577,34.91589188
Medina,52,14,40,114372,59.16334348
Meigs,53,14,14,23561,12.17492715
Mercer,54,14,15,38352,19.76837563
Miami,55,14,37,90442,46.29060388
Monroe,56,14,7,17127,8.880887223
Montgomery,57,14,306,569946,290.0311142
Morgan,58,14,8,14220,7.30868788
Morrow,59,14,16,26787,13.87712174
Muskingum,60,14,59,83731,42.65742513
Noble,61,14,2,11253,5.804790195
Ottawa,62,14,21,40112,20.64155208
Paulding,63,14,15,21137,10.90613629
Perry,64,14,15,31387,16.1576996
Pickaway,65,14,15,43347,22.44829565
Pike,66,14,10,23697,12.25801572
Portage,67,14,49,137532,71.13936552
Preble,68,14,13,38079,19.67274897
Putnam,69,14,14,33320,17.26267429
Richland,70,14,66,130776,67.45296425
Ross,71,14,33,65570,34.36004326
Sandusky,72,14,23,62764,32.32339151
Scioto,73,14,38,84068,43.15316479
Seneca,74,14,17,61206,31.31136544
Shelby,75,14,21,43481,22.47024096
Stark,76,14,183,378207,192.7546878
Summit,77,14,253,520096,264.6466935
Trumbull,78,14,112,241243,123.1605487
Tuscarawas,79,14,40,85085,43.38036707
Union,80,14,9,29843,15.16609162
Van Wert,81,14,12,30211,15.50739418
Vinton,82,14,7,11380,5.87715902
Warren,83,14,37,100297,52.29985819
Washington,84,14,34,64320,33.02195938
Wayne,85,14,28,97997,50.49622975
Williams,86,14,23,36380,18.7608211
Wood,87,14,30,108890,55.59388662
Wyandot,88,14,11,22581,11.52542733
Adams,1,15,15,24644,13.21962422
Allen,2,15,47,109920,58.40848701
Ashland,3,15,20,46361,24.61801034
Ashtabula,4,15,53,102783,54.72902448
Athens,5,15,24,57205,31.04823449
Auglaize,6,15,23,42881,22.90529884
Belmont,7,15,47,81885,43.26744668
Brown,8,15,22,32994,17.76100531
Butler,9,15,138,262237,139.3514162
Carroll,10,15,14,25791,13.83427918
Champaign,11,15,20,33599,17.89916132
Clark,12,15,88,148059,78.45161204
Clermont,13,15,59,133244,71.46856471
Clinton,14,15,15,34500,18.27896617
Columbiana,15,15,64,113158,60.19719385
Coshocton,16,15,13,36175,19.2198663
Crawford,17,15,37,49385,26.25116675
Cuyahoga,18,15,909,1470321,772.0909539
Darke,19,15,23,53558,28.51511132
Defiance,20,15,12,39059,20.95001054
Delaware,21,15,24,55411,29.79291243
Erie,22,15,36,78345,41.88864872
Fairfield,23,15,48,95235,50.89841894
Fayette,24,15,15,27309,14.5286026
Franklin,25,15,451,881702,467.7677668
Fulton,26,15,8,37725,20.13908745
Gallia,27,15,12,29749,15.94314115
Geauga,28,15,36,74538,40.15565482
Greene,29,15,36,130247,69.87823873
Guernsey,30,15,31,41683,22.0159433
Hamilton,31,15,554,869976,457.2906219
Hancock,32,15,24,64954,34.48266498
Hardin,33,15,18,32234,17.21291157
Harrison,34,15,20,17548,9.332649508
Henry,35,15,12,28030,14.98002604
Highland,36,15,17,33801,18.04531715
Hocking,37,15,15,24096,12.92708662
Holmes,38,15,9,30094,16.06465922
Huron,39,15,23,54393,28.84247994
Jackson,40,15,19,30130,16.01137753
Jefferson,41,15,65,89957,47.55100801
Knox,42,15,27,47058,25.09676504
Lake,43,15,94,214460,114.4219608
Lawrence,44,15,45,62837,33.45698796
Licking,45,15,57,123706,66.05904712
Logan,46,15,24,39047,20.75111588
Lorain,47,15,136,273084,145.5043288
Lucas,48,15,277,467708,247.3290818
Madison,49,15,14,34021,18.67342914
Mahoning,50,15,163,283431,149.7783832
Marion,51,15,41,67242,36.13994775
Medina,52,15,36,114717,61.72272757
Meigs,53,15,12,23676,12.73505241
Mercer,54,15,14,38556,20.65497511
Miami,55,15,49,89984,47.89667781
Monroe,56,15,6,17000,9.167411168
Montgomery,57,15,325,566395,299.4349544
Morgan,58,15,4,14278,7.630048951
Morrow,59,15,6,26706,14.39678517
Muskingum,60,15,44,84417,44.72537384
Noble,61,15,5,11274,6.051237953
Ottawa,62,15,18,39774,21.2424269
Paulding,63,15,8,20879,11.1756715
Perry,64,15,25,31363,16.79257764
Pickaway,65,15,23,42900,23.07513421
Pike,66,15,10,24369,13.10760625
Portage,67,15,66,137343,73.97231793
Preble,68,15,21,37806,20.38192912
Putnam,69,15,9,33181,17.88299927
Richland,70,15,63,129579,69.49100798
Ross,71,15,28,65676,35.82770327
Sandusky,72,15,26,62244,33.37515453
Scioto,73,15,56,84267,45.0101789
Seneca,74,15,28,61064,32.47613267
Shelby,75,15,19,43502,23.3967309
Stark,76,15,188,377652,199.9113874
Summit,77,15,282,517163,273.265962
Trumbull,78,15,111,239941,127.2260378
Tuscarawas,79,15,54,85280,45.1456172
Union,80,15,9,30303,15.97722435
Van Wert,81,15,17,29949,15.98371482
Vinton,82,15,7,11331,6.098950465
Warren,83,15,40,100896,54.68745968
Washington,84,15,30,64462,34.42820013
Wayne,85,15,30,98720,52.91657314
Williams,86,15,10,36036,19.28279192
Wood,87,15,30,109045,57.85641696
Wyandot,88,15,5,22490,11.92712462
Adams,1,16,9,24385,13.79488615
Allen,2,16,62,108996,61.15567261
Ashland,3,16,27,45994,25.75983831
Ashtabula,4,16,59,101750,57.18940759
Athens,5,16,21,57075,32.66301865
Auglaize,6,16,16,42689,24.04582904
Belmont,7,16,45,81984,45.70844529
Brown,8,16,27,32979,18.77119927
Butler,9,16,150,260641,146.1093643
Carroll,10,16,16,26085,14.74517935
Champaign,11,16,19,33324,18.73759231
Clark,12,16,73,147078,82.30207406
Clermont,13,16,51,133919,75.76597645
Clinton,14,16,19,34359,19.17886658
Columbiana,15,16,62,112319,62.99495854
Coshocton,16,16,18,36036,20.22148626
Crawford,17,16,21,48614,27.25885095
Cuyahoga,18,16,940,1468625,814.3519671
Darke,19,16,23,53482,30.0413554
Defiance,20,16,10,38575,21.83629146
Delaware,21,16,27,55729,31.58802576
Erie,22,16,40,77417,43.69345277
Fairfield,23,16,53,94742,53.44465562
Fayette,24,16,15,27539,15.4664978
Franklin,25,16,478,884464,495.2179968
Fulton,26,16,16,37713,21.24319255
Gallia,27,16,15,29783,16.84823267
Geauga,28,16,25,74379,42.24881948
Greene,29,16,57,129412,73.19520751
Guernsey,30,16,32,41424,23.0815814
Hamilton,31,16,568,865196,480.2825803
Hancock,32,16,41,64890,36.3693357
Hardin,33,16,25,31687,17.8367179
Harrison,34,16,22,17392,9.746026375
Henry,35,16,2,28166,15.8704122
Highland,36,16,24,33687,18.9850699
Hocking,37,16,15,24433,13.83796922
Holmes,38,16,5,30268,17.03117049
Huron,39,16,18,54354,30.40044179
Jackson,40,16,14,30319,17.02049659
Jefferson,41,16,54,88025,49.0402129
Knox,42,16,28,47031,26.47193282
Lake,43,16,114,213837,120.3242025
Lawrence,44,16,36,62890,35.34684763
Licking,45,16,68,123486,69.53309781
Logan,46,16,24,39195,21.96367156
Lorain,47,16,125,270924,152.294072
Lucas,48,16,292,465203,259.5768481
Madison,49,16,24,34529,19.98224362
Mahoning,50,16,148,282781,157.7688664
Marion,51,16,37,66734,37.83386056
Medina,52,16,34,114761,65.14194493
Meigs,53,16,9,23545,13.38188652
Mercer,54,16,14,38447,21.71630015
Miami,55,16,63,89072,50.04634041
Monroe,56,16,7,16784,9.550994801
Montgomery,57,16,345,562384,313.7361961
Morgan,58,16,7,14169,7.991925002
Morrow,59,16,13,26522,15.09561722
Muskingum,60,16,59,83777,46.87684141
Noble,61,16,5,11181,6.335137478
Ottawa,62,16,26,39655,22.35064127
Paulding,63,16,9,20806,11.74299929
Perry,64,16,20,31022,17.52249549
Pickaway,65,16,21,42300,23.97415151
Pike,66,16,20,24637,14.00297121
Portage,67,16,55,136635,77.62453886
Preble,68,16,27,37994,21.64984647
Putnam,69,16,13,33054,18.76907756
Richland,70,16,59,128264,72.53034473
Ross,71,16,34,66069,38.03376549
Sandusky,72,16,24,61803,35.00462031
Scioto,73,16,44,84723,47.76421136
Seneca,74,16,36,61109,34.27050097
Shelby,75,16,30,43020,24.3778233
Stark,76,16,206,375377,209.6799885
Summit,77,16,310,513708,286.3810569
Trumbull,78,16,133,237249,132.7056741
Tuscarawas,79,16,57,85237,47.60950279
Union,80,16,14,30167,16.78002034
Van Wert,81,16,13,29699,16.74883036
Vinton,82,16,13,11383,6.483969282
Warren,83,16,42,100762,57.50738762
Washington,84,16,32,64710,36.47014672
Wayne,85,16,30,98746,55.80920289
Williams,86,16,13,35859,20.23794873
Wood,87,16,44,107907,60.46432566
Wyandot,88,16,10,22396,12.52377236
Adams,1,17,12,24307,13.56955888
Allen,2,17,69,109889,60.97014985
Ashland,3,17,25,46286,25.58749819
Ashtabula,4,17,56,101440,56.35252447
Athens,5,17,38,57300,32.37985753
Auglaize,6,17,35,43300,24.09888144
Belmont,7,17,55,81017,44.64363234
Brown,8,17,24,33520,18.86564836
Butler,9,17,141,264820,146.7132924
Carroll,10,17,17,26433,14.75379593
Champaign,11,17,18,33390,18.54478095
Clark,12,17,87,146861,81.30211439
Clermont,13,17,75,135984,76.04326066
Clinton,14,17,17,34613,19.04024149
Columbiana,15,17,74,111641,61.86648413
Coshocton,16,17,15,36241,20.09016229
Crawford,17,17,26,49150,27.27463985
Cuyahoga,18,17,923,1463525,802.5490331
Darke,19,17,24,53819,29.9159079
Defiance,20,17,16,38388,21.48072315
Delaware,21,17,14,56528,31.61805903
Erie,22,17,42,77602,43.31987548
Fairfield,23,17,33,95254,53.10443803
Fayette,24,17,14,27463,15.24536786
Franklin,25,17,444,892418,494.0146722
Fulton,26,17,18,38099,21.19824359
Gallia,27,17,10,30048,16.79579586
Geauga,28,17,20,74485,41.76843553
Greene,29,17,50,128887,71.97834736
Guernsey,30,17,19,41246,22.7037045
Hamilton,31,17,642,865815,475.3826689
Hancock,32,17,27,65521,36.27915521
Hardin,33,17,15,31714,17.6196193
Harrison,34,17,7,16916,9.352659952
Henry,35,17,12,28320,15.76092256
Highland,36,17,24,34163,19.02714697
Hocking,37,17,18,24693,13.82389555
Holmes,38,17,6,30344,16.86341911
Huron,39,17,21,54922,30.33335588
Jackson,40,17,14,30322,16.83419347
Jefferson,41,17,68,87432,48.1013526
Knox,42,17,26,47170,26.22149411
Lake,43,17,103,213190,118.441187
Lawrence,44,17,41,63224,35.12396185
Licking,45,17,84,123901,68.93466644
Logan,46,17,20,39586,21.91225604
Lorain,47,17,124,270238,149.9861173
Lucas,48,17,243,462892,255.2431502
Madison,49,17,20,34249,19.56502192
Mahoning,50,17,147,280329,154.6176847
Marion,51,17,26,66436,37.19030318
Medina,52,17,41,115305,64.6503517
Meigs,53,17,14,23616,13.27778469
Mercer,54,17,9,38570,21.51705461
Miami,55,17,39,89047,49.4506765
Monroe,56,17,7,16628,9.34662464
Montgomery,57,17,326,564438,311.1830585
Morgan,58,17,6,14185,7.896638132
Morrow,59,17,9,26756,15.04677886
Muskingum,60,17,62,84376,46.68169502
Noble,61,17,10,11226,6.2814312
Ottawa,62,17,25,39641,22.06985833
Paulding,63,17,11,20727,11.55815152
Perry,64,17,23,31451,17.54880214
Pickaway,65,17,24,42594,23.83268347
Pike,66,17,17,24867,13.96544363
Portage,67,17,65,136351,76.55304749
Preble,68,17,21,38712,21.82999143
Putnam,69,17,10,33436,18.73607651
Richland,70,17,66,129339,72.23501516
Ross,71,17,36,67414,38.33670169
Sandusky,72,17,25,62370,34.93300702
Scioto,73,17,70,84275,46.9230856
Seneca,74,17,39,61404,34.0261529
Shelby,75,17,23,43392,24.28290758
Stark,76,17,198,375402,207.2059309
Summit,77,17,302,512121,282.0447198
Trumbull,78,17,114,235835,130.3050916
Tuscarawas,79,17,37,85506,47.18004444
Union,80,17,11,30542,16.77353126
Van Wert,81,17,17,29900,16.67934067
Vinton,82,17,3,11552,6.504501431
Warren,83,17,42,101915,57.39782525
Washington,84,17,39,64559,35.9654146
Wayne,85,17,31,99318,55.47499795
Williams,86,17,17,36278,20.2366826
Wood,87,17,37,108497,60.06738274
Wyandot,88,17,16,22584,12.48900748
Adams,1,18,20,24423,14.32864759
Allen,2,18,53,110251,64.29493154
Ashland,3,18,34,46441,26.99986718
Ashtabula,4,18,56,101402,59.20013346
Athens,5,18,21,57435,34.09933429
Auglaize,6,18,22,43539,25.44850055
Belmont,7,18,44,79507,46.02558218
Brown,8,18,19,34218,20.2606852
Butler,9,18,139,267923,155.9685873
Carroll,10,18,11,26607,15.59774604
Champaign,11,18,19,33733,19.68781578
Clark,12,18,92,146733,85.46017898
Clermont,13,18,94,138164,81.20886123
Clinton,14,18,26,34600,19.96660743
Columbiana,15,18,65,110932,64.57042797
Coshocton,16,18,11,35813,20.86039662
Crawford,17,18,35,49086,28.64698113
Cuyahoga,18,18,937,1454155,838.4556709
Darke,19,18,37,53899,31.4938248
Defiance,20,18,12,39022,22.93731001
Delaware,21,18,24,57335,33.72456921
Erie,22,18,40,77340,45.35651595
Fairfield,23,18,54,96024,56.26980625
Fayette,24,18,16,27443,16.01453962
Franklin,25,18,524,898729,523.2043144
Fulton,26,18,9,38304,22.38387336
Gallia,27,18,6,30066,17.65615727
Geauga,28,18,20,74778,44.06541021
Greene,29,18,71,129445,76.1091117
Guernsey,30,18,22,40677,23.51767932
Hamilton,31,18,639,865708,499.9152126
Hancock,32,18,31,65895,38.35949611
Hardin,33,18,26,31718,18.49947378
Harrison,34,18,7,16653,9.660838818
Henry,35,18,23,28399,16.62122737
Highland,36,18,25,34315,20.09720104
Hocking,37,18,18,24579,14.46780115
Holmes,38,18,8,30647,17.90607093
Huron,39,18,21,54798,31.77721532
Jackson,40,18,15,30386,17.74297146
Jefferson,41,18,56,86569,49.985065
Knox,42,18,26,47428,27.71165909
Lake,43,18,127,212139,123.8321648
Lawrence,44,18,37,62443,36.47535
Licking,45,18,61,124548,72.80496925
Logan,46,18,25,39863,23.17872938
Lorain,47,18,124,269978,157.4230214
Lucas,48,18,308,462723,268.2564575
Madison,49,18,21,34634,20.77248177
Mahoning,50,18,183,278505,161.564545
Marion,51,18,40,66009,38.84810608
Medina,52,18,45,115573,68.10509185
Meigs,53,18,17,23732,14.05090367
Mercer,54,18,15,38831,22.7657859
Miami,55,18,48,89093,52.01534715
Monroe,56,18,6,16397,9.692746888
Montgomery,57,18,341,565284,327.5626891
Morgan,58,18,11,14152,8.28750718
Morrow,59,18,12,26982,15.96210588
Muskingum,60,18,60,84206,48.97919121
Noble,61,18,9,11454,6.725988417
Ottawa,62,18,28,39743,23.23497406
Paulding,63,18,6,20787,12.16929398
Perry,64,18,23,31569,18.51967965
Pickaway,65,18,22,44926,26.40997683
Pike,66,18,8,25084,14.7960398
Portage,67,18,58,136172,80.37670154
Preble,68,18,22,38967,23.14021886
Putnam,69,18,12,33343,19.63382034
Richland,70,18,50,129228,75.80153365
Ross,71,18,29,67714,40.44320361
Sandusky,72,18,34,62081,36.57709986
Scioto,73,18,56,83197,48.66220832
Seneca,74,18,25,61772,35.96564182
Shelby,75,18,22,43753,25.72250335
Stark,76,18,205,374180,217.0391518
Summit,77,18,292,508637,294.2607286
Trumbull,78,18,139,234767,136.2965856
Tuscarawas,79,18,58,85504,49.60401408
Union,80,18,10,30877,17.80992462
Van Wert,81,18,13,29995,17.58572477
Vinton,82,18,6,11435,6.77552433
Warren,83,18,55,102771,60.76772791
Washington,84,18,27,64351,37.6736286
Wayne,85,18,46,100142,58.80802695
Williams,86,18,17,36594,21.42008997
Wood,87,18,55,109481,63.72963411
Wyandot,88,18,10,22645,13.1483743
Adams,1,19,12,24767,14.49595836
Allen,2,19,65,110745,64.49626464
Ashland,3,19,19,46030,26.71664838
Ashtabula,4,19,50,100011,58.30638596
Athens,5,19,15,57599,34.12416211
Auglaize,6,19,23,43653,25.48116701
Belmont,7,19,50,76752,44.39887005
Brown,8,19,23,34243,20.24082908
Butler,9,19,164,271033,157.6243133
Carroll,10,19,8,26566,15.5518967
Champaign,11,19,19,34301,19.98852374
Clark,12,19,95,146879,85.44195061
Clermont,13,19,80,140438,82.37679483
Clinton,14,19,19,34798,20.05979569
Columbiana,15,19,68,108259,62.94789676
Coshocton,16,19,28,35707,20.79503404
Crawford,17,19,30,48613,28.33279643
Cuyahoga,18,19,953,1453242,837.49723
Darke,19,19,28,53468,31.20032924
Defiance,20,19,25,39062,22.92262159
Delaware,21,19,23,58857,34.54888607
Erie,22,19,43,77019,45.11299701
Fairfield,23,19,51,97550,57.07984069
Fayette,24,19,23,27422,15.97337981
Franklin,25,19,499,910990,529.5765123
Fulton,26,19,7,37761,22.02968681
Gallia,27,19,16,29918,17.54924976
Geauga,28,19,38,76348,44.90684005
Greene,29,19,50,130328,76.48214152
Guernsey,30,19,18,39672,22.91823826
Hamilton,31,19,572,873015,503.7099467
Hancock,32,19,33,65200,37.90031487
Hardin,33,19,19,31431,18.30623662
Harrison,34,19,16,16248,9.424450917
Henry,35,19,16,28232,16.48534023
Highland,36,19,19,34482,20.15388298
Hocking,37,19,10,24704,14.51473723
Holmes,38,19,9,30449,17.7689171
Huron,39,19,33,55313,32.07268851
Jackson,40,19,15,30086,17.54789815
Jefferson,41,19,71,83494,48.20071398
Knox,42,19,23,46995,27.42664251
Lake,43,19,111,212972,124.1455548
Lawrence,44,19,33,62212,36.26975143
Licking,45,19,76,124488,72.67627965
Logan,46,19,24,39848,23.14832874
Lorain,47,19,137,267556,155.8475951
Lucas,48,19,305,463303,268.3764095
Madison,49,19,12,35020,20.9296522
Mahoning,50,19,200,273796,158.7114941
Marion,51,19,50,64906,38.15163678
Medina,52,19,31,115314,67.80294432
Meigs,53,19,15,23659,13.9766845
Mercer,54,19,15,38450,22.50588526
Miami,55,19,47,89631,52.27424243
Monroe,56,19,6,15717,9.279338435
Montgomery,57,19,374,567113,328.3451617
Morgan,58,19,11,14072,8.230077207
Morrow,59,19,10,26987,15.92850968
Muskingum,60,19,45,83169,48.30238619
Noble,61,19,7,11272,6.611942082
Ottawa,62,19,14,39700,23.17606303
Paulding,63,19,11,20663,12.07538474
Perry,64,19,25,31592,18.51750993
Pickaway,65,19,23,45582,26.74426795
Pike,66,19,11,24595,14.48223693
Portage,67,19,44,136974,80.65569838
Preble,68,19,26,38674,22.89568066
Putnam,69,19,16,33324,19.58167022
Richland,70,19,79,127850,74.92626592
Ross,71,19,25,66928,39.89910234
Sandusky,72,19,33,61732,36.3205694
Scioto,73,19,71,81676,47.72006155
Seneca,74,19,31,61207,35.59864636
Shelby,75,19,21,43819,25.73706127
Stark,76,19,217,370686,214.8341682
Summit,77,19,293,507995,293.6544432
Trumbull,78,19,143,230959,133.946768
Tuscarawas,79,19,49,84048,48.68654361
Union,80,19,14,31518,18.16007959
Van Wert,81,19,15,29521,17.28700678
Vinton,82,19,7,11511,6.808335047
Warren,83,19,40,104817,61.77091699
Washington,84,19,40,63672,37.23338049
Wayne,85,19,38,100282,58.77866823
Williams,86,19,13,36050,21.06312509
Wood,87,19,40,109355,63.5583619
Wyandot,88,19,11,22137,12.836058
Adams,1,20,16,25234,15.08044449
Allen,2,20,69,111458,66.22579787
Ashland,3,20,28,46381,27.47586224
Ashtabula,4,20,53,99422,59.14566045
Athens,5,20,27,58292,35.23691421
Auglaize,6,20,19,43941,26.17231712
Belmont,7,20,62,76317,45.03880819
Brown,8,20,30,34894,21.0447728
Butler,9,20,159,276105,163.8227243
Carroll,10,20,19,26688,15.9464133
Champaign,11,20,11,34797,20.69263274
Clark,12,20,114,147227,87.3966586
Clermont,13,20,89,144116,86.25354726
Clinton,14,20,22,35401,20.81642066
Columbiana,15,20,67,108194,64.19530968
Coshocton,16,20,13,35845,21.29310831
Crawford,17,20,24,48652,28.91492393
Cuyahoga,18,20,952,1444257,849.1012248
Darke,19,20,28,53631,31.92888848
Defiance,20,20,16,39270,23.52214467
Delaware,21,20,28,59976,35.93594479
Erie,22,20,32,77036,46.02997387
Fairfield,23,20,54,99228,59.23982873
Fayette,24,20,17,27524,16.35860899
Franklin,25,20,488,921955,546.6991036
Fulton,26,20,16,38121,22.70304199
Gallia,27,20,19,30294,18.12700177
Geauga,28,20,28,76979,46.18977384
Greene,29,20,60,131924,78.95635249
Guernsey,30,20,33,39591,23.34359151
Hamilton,31,20,593,873976,514.4625504
Hancock,32,20,36,65449,38.84244577
Hardin,33,20,20,31740,18.85571276
Harrison,34,20,12,15659,9.25831277
Henry,35,20,9,28323,16.87873768
Highland,36,20,21,35147,20.95102447
Hocking,37,20,17,25080,15.03422239
Holmes,38,20,6,30399,18.10321662
Huron,39,20,23,55743,32.96350386
Jackson,40,20,26,30333,18.05606782
Jefferson,41,20,68,82533,48.61344888
Knox,42,20,27,47467,28.26698325
Lake,43,20,108,213431,126.8949737
Lawrence,44,20,46,62280,37.06945046
Licking,45,20,61,125243,74.58987616
Logan,46,20,30,40476,23.99079846
Lorain,47,20,136,268043,159.2645983
Lucas,48,20,290,463086,273.6523027
Madison,49,20,15,35418,21.59495872
Mahoning,50,20,163,272251,160.9579004
Marion,51,20,40,64974,38.9536314
Medina,52,20,40,116904,70.13254555
Meigs,53,20,19,23746,14.31847142
Mercer,54,20,12,38802,23.16562172
Miami,55,20,44,90178,53.63008471
Monroe,56,20,8,15471,9.312433755
Montgomery,57,20,361,569400,336.286118
Morgan,58,20,13,14134,8.433637743
Morrow,59,20,14,27276,16.4293065
Muskingum,60,20,75,83458,49.47370556
Noble,61,20,2,11301,6.76053424
Ottawa,62,20,26,39622,23.60415895
Paulding,63,20,14,20920,12.47627643
Perry,64,20,14,31848,19.02868097
Pickaway,65,20,26,46021,27.53872643
Pike,66,20,13,24937,14.98024875
Portage,67,20,62,137565,82.68678612
Preble,68,20,18,39149,23.66664883
Putnam,69,20,14,33548,20.11798907
Richland,70,20,79,127937,76.47756745
Ross,71,20,36,67566,41.09250543
Sandusky,72,20,22,61805,37.09297442
Scioto,73,20,58,81663,48.67730185
Seneca,74,20,41,61623,36.56342117
Shelby,75,20,16,44076,26.40235635
Stark,76,20,244,369864,218.6515633
Summit,77,20,323,508761,300.0684819
Trumbull,78,20,146,229417,135.7246389
Tuscarawas,79,20,38,84202,49.7531033
Union,80,20,12,31967,18.78578476
Van Wert,81,20,17,29634,17.70499291
Vinton,82,20,9,11497,6.941689785
Warren,83,20,56,107392,64.57529631
Washington,84,20,40,63694,37.99115409
Wayne,85,20,45,101383,60.62826549
Williams,86,20,22,36448,21.72551636
Wood,87,20,45,109821,65.13969619
Wyandot,88,20,21,22214,13.15774543
Adams,1,21,15,25542,15.55971679
Allen,2,21,58,111868,67.82761319
Ashland,3,21,30,46508,28.11551728
Ashtabula,4,21,65,98559,59.82835018
Athens,5,21,24,58653,36.14621847
Auglaize,6,21,22,44194,26.85592722
Belmont,7,21,70,75003,45.19711826
Brown,8,21,23,35426,21.78354036
Butler,9,21,158,279860,169.4397851
Carroll,10,21,10,26710,16.26721599
Champaign,11,21,21,35193,21.36024814
Clark,12,21,105,147350,89.23895174
Clermont,13,21,75,146788,89.62198362
Clinton,14,21,24,35669,21.40919807
Columbiana,15,21,60,107217,64.89317075
Coshocton,16,21,19,35826,21.71746188
Crawford,17,21,31,48540,29.44293206
Cuyahoga,18,21,993,1438103,863.2632863
Darke,19,21,35,53598,32.573496
Defiance,20,21,22,39484,24.11883277
Delaware,21,21,22,61171,37.37470288
Erie,22,21,54,76844,46.84158962
Fairfield,23,21,45,100459,61.19071827
Fayette,24,21,18,27600,16.7495636
Franklin,25,21,543,932817,564.6053157
Fulton,26,21,11,38171,23.19463776
Gallia,27,21,29,30450,18.59929984
Geauga,28,21,30,77823,47.62596883
Greene,29,21,52,132691,81.01711334
Guernsey,30,21,27,39132,23.55377082
Hamilton,31,21,576,876631,526.8086081
Hancock,32,21,29,65462,39.63381769
Hardin,33,21,21,31821,19.28681791
Harrison,34,21,14,15229,9.195400876
Henry,35,21,9,28357,17.24744491
Highland,36,21,24,35528,21.6167299
Hocking,37,21,12,25284,15.4584175
Holmes,38,21,8,30347,18.42607724
Huron,39,21,16,55976,33.77181072
Jackson,40,21,18,30357,18.44314423
Jefferson,41,21,77,81028,48.73753312
Knox,42,21,37,47638,28.94427791
Lake,43,21,147,213825,129.7696506
Lawrence,44,21,49,62066,37.70870605
Licking,45,21,81,125770,76.43470786
Logan,46,21,25,40795,24.6779548
Lorain,47,21,149,267355,162.138645
Lucas,48,21,305,463044,279.31795
Madison,49,21,16,35780,22.23377336
Mahoning,50,21,187,269911,162.8920224
Marion,51,21,55,64669,39.55491127
Medina,52,21,42,117582,71.93664403
Meigs,53,21,16,23791,14.62406377
Mercer,54,21,12,38915,23.70624106
Miami,55,21,42,90644,55.0235999
Monroe,56,21,11,15117,9.282986113
Montgomery,57,21,340,570927,344.2115629
Morgan,58,21,11,14109,8.583832923
Morrow,59,21,10,27478,16.86762858
Muskingum,60,21,66,83115,50.27469618
Noble,61,21,5,11276,6.881242126
Ottawa,62,21,26,39653,24.0961254
Paulding,63,21,9,20984,12.77176857
Perry,64,21,14,32010,19.50738724
Pickaway,65,21,27,46816,28.58692961
Pike,66,21,23,24979,15.32354493
Portage,67,21,55,138060,84.62061712
Preble,68,21,18,39301,24.20747532
Putnam,69,21,11,33659,20.59104987
Richland,70,21,67,127436,77.70699775
Ross,71,21,42,67612,41.91212851
Sandusky,72,21,32,61653,37.73950325
Scioto,73,21,67,80863,49.19378808
Seneca,74,21,40,61638,37.32827568
Shelby,75,21,22,44239,27.03227609
Stark,76,21,224,368326,222.2613669
Summit,77,21,337,508380,306.0850826
Trumbull,78,21,146,227250,137.2497465
Tuscarawas,79,21,51,83877,50.59249018
Union,80,21,6,32436,19.4565324
Van Wert,81,21,10,29566,18.01330585
Vinton,82,21,4,11493,7.067406469
Warren,83,21,59,109232,66.96739267
Washington,84,21,40,63446,38.6119344
Wayne,85,21,32,102027,62.23816528
Williams,86,21,17,36499,22.19865668
Wood,87,21,30,110065,66.61730817
Wyandot,88,21,16,22147,13.38296896
